001	233489
002	297874
003	317042
004	345889
005	271182
006	355512
007	369208
008	421811
009	312004
010	262428
011	395545
0111	31
0112	5
0113	105
0114	4
012	298343
0121	9
0122	90
0123	1
0124	4
013	1
0131	11
0132	23
0133	11
0134	2
014	249006
015	274274
016	204562
017	178608
018	271438
019	279610
020	106636
021	4
0211	1
0212	2
0213	1
0214	1
022	197463
0222	1
0223	1
023	1
0231	1
0233	10
0234	2
0235	4
024	187755
025	361491
031	123
0311	4
0313	2
0314	1
0321	2
0322	2
0323	6
0324	24
0331	2
0332	85
0333	1
0334	3
0411	4
0412	5
0413	62
0414	3
0421	3
0422	4
0423	3
0424	1
0431	1
0432	1
0434	2
0511	8
0512	4
0513	2
0522	3
0523	2
0524	4
0531	3
0532	1
0533	1
0611	9
0612	1
0613	1
0614	9
0621	3
0622	4
0623	6
0624	2
0632	15
0634	1
0711	2
0712	5
0714	6
0715	2
0723	1
0724	1
0731	1
0732	2
0733	4
0735	3
0811	5
0812	2
0813	886
0814	128
0815	160
0821	19
0822	1
0823	5
0824	2
0825	2
0832	52
0833	68
0834	27
0835	5
0911	6
0913	12
0914	23
0915	2
0921	15
0922	55
0923	3
0924	20
0925	9
0931	1
0932	1
0933	1
0934	3
0935	1
1013	1
1014	1
1021	1
1022	1
1023	3
1024	4
1031	2
1032	1
1034	12
1113	4
1114	1
1121	15
1122	3
1123	1
1131	4
1132	1
1133	1
1134	1
1135	3
12	2
1211	1
1212	16
1213	9
1214	2
1221	1
1222	3
1223	14
1225	1
1231	2
1232	2
1233	3
1235	3
1312	2
1313	1
1322	1
1323	10
1324	1
1332	10
1333	2
1411	13
1413	5
1414	1
1421	1
1422	3
1423	2
1424	4
1431	1
1432	16
1433	8
1434	8
1511	4
1512	2
1513	5
1522	1
1523	1
1524	3
1531	1
1533	2
1611	1
1612	4
1613	1
1614	4
1621	3
1622	8
1623	1
1624	21
1631	4
1632	2
1633	1
1634	3
1651	761
1653	1
1654	529
1711	1
1712	3
1722	63
1723	9
1724	7
1731	8
1732	7
1733	8
1811	4
1813	1
1814	2
1821	3
1822	10
1824	8
1831	2
1832	4
1833	6
1834	78
1911	6
1912	13
1913	12
1915	3
1921	1
1922	2
1923	12
1924	1
1931	1
1932	22
1933	57
1934	7
2011	18
2012	3
2013	8
2022	3
2023	11
2024	4
2031	6
2032	4
2033	1
2113	32
2122	3
2123	1
2131	1
2132	7
2211	8
2212	1
2221	3
2222	2
2223	3
2232	4
2233	1
2311	2
2312	2
2313	2
2322	26
2323	4
2331	3
2332	5
2333	1
2411	4
2412	3
2413	4
2422	4
2423	2
2424	4
2431	2
2432	11
2433	4
2511	1
2512	5
2514	4
2515	4
2521	60
2522	22
2523	25
2524	44
2525	1
2531	1
2532	4
2533	76
2534	9
2535	1
